725
0 0
1 89
2 90
3 270
4 0
5 3
6 6
7 9
8 12
9 15
10 18
11 21
12 24
13 27
14 30
15 33
16 36
17 39
18 42
19 45
20 48
21 51
22 54
23 57
24 60
25 63
26 66
27 69
28 72
29 75
30 78
31 81
32 84
33 87
34 90
35 93
36 96
37 99
38 102
39 105
40 108
41 111
42 114
43 117
44 120
45 123
46 126
47 129
48 132
49 135
50 138
51 141
52 144
53 147
54 150
55 153
56 156
57 159
58 162
59 165
60 168
61 171
62 174
63 177
64 180
65 183
66 186
67 189
68 192
69 195
70 198
71 201
72 204
73 207
74 210
75 213
76 216
77 219
78 222
79 225
80 228
81 231
82 234
83 237
84 240
85 243
86 246
87 249
88 252
89 255
90 258
91 261
92 264
93 267
94 270
95 1
96 2
97 3
98 2
99 3
100 4
101 3
102 4
103 5
104 4
105 5
106 6
107 5
108 6
109 7
110 6
111 7
112 8
113 7
114 8
115 9
116 8
117 9
118 10
119 9
120 10
121 11
122 10
123 11
124 12
125 11
126 12
127 13
128 12
129 13
130 14
131 13
132 14
133 15
134 14
135 15
136 16
137 15
138 16
139 17
140 16
141 17
142 18
143 17
144 18
145 19
146 18
147 19
148 20
149 19
150 20
151 21
152 20
153 21
154 22
155 21
156 22
157 23
158 22
159 23
160 24
161 23
162 24
163 25
164 24
165 25
166 26
167 25
168 26
169 27
170 26
171 27
172 28
173 27
174 28
175 29
176 28
177 29
178 30
179 29
180 30
181 31
182 30
183 31
184 32
185 31
186 32
187 33
188 32
189 33
190 34
191 33
192 34
193 35
194 34
195 35
196 36
197 35
198 36
199 37
200 36
201 37
202 38
203 37
204 38
205 39
206 38
207 39
208 40
209 39
210 40
211 41
212 40
213 41
214 42
215 41
216 42
217 43
218 42
219 43
220 44
221 43
222 44
223 45
224 44
225 45
226 46
227 45
228 46
229 47
230 46
231 47
232 48
233 47
234 48
235 49
236 48
237 49
238 50
239 49
240 50
241 51
242 50
243 51
244 52
245 51
246 52
247 53
248 52
249 53
250 54
251 53
252 54
253 55
254 54
255 55
256 56
257 55
258 56
259 57
260 56
261 57
262 58
263 57
264 58
265 59
266 58
267 59
268 60
269 59
270 60
271 61
272 60
273 61
274 62
275 61
276 62
277 63
278 62
279 63
280 64
281 63
282 64
283 65
284 64
285 65
286 66
287 65
288 66
289 67
290 66
291 67
292 68
293 67
294 68
295 69
296 68
297 69
298 70
299 69
300 70
301 71
302 70
303 71
304 72
305 71
306 72
307 73
308 72
309 73
310 74
311 73
312 74
313 75
314 74
315 75
316 76
317 75
318 76
319 77
320 76
321 77
322 78
323 77
324 78
325 79
326 78
327 79
328 80
329 79
330 80
331 81
332 80
333 81
334 82
335 81
336 82
337 83
338 82
339 83
340 84
341 83
342 84
343 85
344 84
345 85
346 86
347 85
348 86
349 87
350 86
351 87
352 88
353 87
354 88
355 89
356 88
357 89
358 0
359 89
360 0
361 1
362 0
363 1
364 2
365 1
366 1
367 1
368 1
369 1
370 1
371 1
372 1
373 1
374 1
375 1
376 1
377 1
378 1
379 1
380 1
381 1
382 1
383 1
384 1
385 1
386 1
387 1
388 1
389 1
390 1
391 1
392 1
393 1
394 1
395 1
396 1
397 1
398 1
399 1
400 1
401 1
402 1
403 1
404 1
405 1
406 1
407 1
408 1
409 1
410 1
411 1
412 1
413 1
414 1
415 1
416 1
417 1
418 1
419 1
420 1
421 1
422 1
423 1
424 1
425 1
426 1
427 1
428 1
429 1
430 1
431 1
432 1
433 1
434 1
435 1
436 1
437 1
438 1
439 1
440 1
441 1
442 1
443 1
444 1
445 1
446 1
447 1
448 1
449 1
450 1
451 1
452 1
453 1
454 1
455 1
456 1
457 1
458 1
459 1
460 1
461 1
462 1
463 1
464 1
465 1
466 1
467 1
468 1
469 1
470 1
471 1
472 1
473 1
474 1
475 1
476 1
477 1
478 1
479 1
480 1
481 1
482 1
483 1
484 1
485 1
486 1
487 1
488 1
489 1
490 1
491 1
492 1
493 1
494 1
495 1
496 1
497 1
498 1
499 1
500 1
501 1
502 1
503 1
504 1
505 1
506 1
507 1
508 1
509 1
510 1
511 1
512 1
513 1
514 1
515 1
516 1
517 1
518 1
519 1
520 1
521 1
522 1
523 1
524 1
525 1
526 1
527 1
528 1
529 1
530 1
531 1
532 1
533 1
534 1
535 1
536 1
537 1
538 1
539 1
540 1
541 1
542 1
543 1
544 1
545 1
546 1
547 1
548 1
549 1
550 1
551 1
552 1
553 1
554 1
555 1
556 1
557 1
558 1
559 1
560 1
561 1
562 1
563 1
564 1
565 1
566 1
567 1
568 1
569 1
570 1
571 1
572 1
573 1
574 1
575 1
576 1
577 1
578 1
579 1
580 1
581 1
582 1
583 1
584 1
585 1
586 1
587 1
588 1
589 1
590 1
591 1
592 1
593 1
594 1
595 1
596 1
597 1
598 1
599 1
600 1
601 1
602 1
603 1
604 1
605 1
606 1
607 1
608 1
609 1
610 1
611 1
612 1
613 1
614 1
615 1
616 1
617 1
618 1
619 1
620 1
621 1
622 1
623 1
624 1
625 1
626 1
627 1
628 1
629 1
630 1
631 1
632 1
633 1
634 1
900 200000000
901 200000000
902 200000000
903 200000000
904 200000000
905 200000000
906 200000000
907 200000000
908 200000000
909 200000000
910 200000000
911 200000000
912 200000000
913 200000000
914 200000000
915 200000000
916 200000000
917 200000000
918 200000000
919 200000000
920 200000000
921 200000000
922 200000000
923 200000000
924 200000000
925 200000000
926 200000000
927 200000000
928 200000000
929 200000000
930 200000000
931 200000000
932 200000000
933 200000000
934 200000000
935 200000000
936 200000000
937 200000000
938 200000000
939 200000000
940 200000000
941 200000000
942 200000000
943 200000000
944 200000000
945 200000000
946 200000000
947 200000000
948 200000000
949 200000000
950 200000000
951 200000000
952 200000000
953 200000000
954 200000000
955 200000000
956 200000000
957 200000000
958 200000000
959 200000000
960 200000000
961 200000000
962 200000000
963 200000000
964 200000000
965 200000000
966 200000000
967 200000000
968 200000000
969 200000000
970 200000000
971 200000000
972 200000000
973 200000000
974 200000000
975 200000000
976 200000000
977 200000000
978 200000000
979 200000000
980 200000000
981 200000000
982 200000000
983 200000000
984 200000000
985 200000000
986 200000000
987 200000000
988 200000000
989 200000000
